40
3 2 100
3 5 7
4 8 16
1 20 5 2
100 2 10000
732 3782 2196 5978 2562 3660 5734 3233 5490 4453 2440 6161 549 3111 1769 4392 3416 2745 4697 4087 5795 1952 1891 1708 3965 671 4636 1342 3294 2074 4880 366 5551 2135 2623 4819 1525 1220 4026 2928 4514 3355 4270 1586 976 5429 5612 5124 2013 1281 3599 915 5368 6100 4148 4331 427 2257 5185 1098 1464 5246 2379 793 5002 2501 244 2989 305 6039 3721 2806 5856 2318 3538 1830 854 2867 3050 1403 3477 3843 5307 5917 4209 488 4758 4941 1647 2684 3172 5063 122 3904 4575 5673 1159 610 1037 183
3 2 50
3 5 75
5 9276 9399
8444 6345 6124 8565 645
10 61 119
20 30 5040 5760 15 4680 3960 2520 4 12
6 2 10000
9967 9931 9973 9929 9949 9941
10 61 119
2880 3600 6 7200 4320 4 60 40 5040 15
5 6158 6611
8477 6842 4440 2998 865
5 5882 7387
6784 7757 6511 2426 3760
5 2976 7683
4272 4829 8111 8975 6748
5 7134 7596
7128 6009 9460 5173 9171
5 8553 8882
7410 3299 111 4673 8178
5 736 5897
6219 5691 2547 2712 6129
5 5968 6331
9758 2966 3199 5315 2160
51 276 550
55 1650 55 1650 1650 55 55 1650 55 1650 55 55 55 1650 55 55 55 55 55 1650 1650 1650 1650 1650 55 1650 55 1650 1650 55 55 55 1650 1650 55 1650 1650 55 55 55 55 1650 1650 1650 1650 1650 55 1650 1650 1650 55
5 7547 9934
8395 3996 5837 7392 5705
51 4237 8471
4236 4236 4236 4236 8472 8472 4236 8472 8472 8472 8472 4236 4236 4236 4236 4236 4236 4236 4236 8472 8472 4236 8472 8472 4236 4236 8472 8472 8472 8472 8472 8472 8472 4236 4236 4236 8472 4236 8472 8472 4236 8472 4236 8472 8472 8472 8472 4236 4236 8472 4236
10 8321 9985
416 64 208 26 832 128 16 52 32 104
5 8571 9784
655 8917 129 5899 5189
10 2 10000
11 6 15 2 3 30 7 1 10 5
5 736 4870
3739 3156 4557 4567 2259
7 5 10000
9714 9822 9978 9726 9942 9678 9762
5 6047 8190
8396 9848 8064 2632 9164
8 2 10000
1 1 8633 1 8633 1 1 1
4 2 10000
3 4 49 17
5 8999 9931
2854 6796 4718 8364 7152
50 2 10000
140 720 1 90 5 28 105 315 2520 4 48 12 1260 504 56 60 36 144 180 280 30 210 8 16 20 24 2 168 336 1008 14 240 35 5040 80 630 18 840 112 360 42 1680 252 420 560 9 10 3 45 70
5 8677 9891
2928 9296 2054 7560 8961
5 9117 9593
6202 5986 8772 3792 5178
5 9258 9880
2807 5868 7591 1435 9932
100 19 54
3240 1944 756 5886 6264 5616 1836 6372 594 8694 2970 8856 1728 8586 6426 2160 1134 9882 9936 7614 3294 7344 2322 6318 7992 4698 3402 1782 8802 1998 8046 7290 5832 5724 540 9774 4968 5130 4482 4536 7668 8640 5184 5292 8910 1296 1674 5022 972 7398 8154 7128 3888 7452 6480 8424 864 5076 3780 6102 6048 810 9396 918 1188 4266 8370 7938 8478 5454 7776 7560 9342 5508 3456 3834 3510 9720 3348 3564 5346 1350 2430 702 1566 4806 6858 1458 5940 1512 2592 2106 5778 9504 7020 2538 3132 2484 3186 7722
10 2 10000
11 2 7 10 5 2310 3 6 1 15
5 7623 8825
7535 734 1196 3646 3050
5 4371 6289
6941 9838 4436 813 7907
5 6166 8702
6449 9613 6901 9781 8701
100 1 10000
7897 1043 2722 8781 9456 5119 6588 1212 9894 9063 1664 968 7445 3936 5251 7778 1154 4840 9972 3855 3364 3368 5097 8164 435 2539 4061 7471 836 6822 2615 653 5255 7517 6176 9683 2874 150 3736 264 9382 8185 7702 3132 7295 3647 4402 1097 1481 7987 4247 5367 3046 9721 1986 8708 8835 2635 576 7199 6699 5895 6769 7273 7751 9183 7522 2435 9897 4467 9614 619 6296 7426 668 6418 3402 4187 3977 7196 5354 7484 3730 2107 5167 6733 5418 6550 7398 9138 74 9700 8907 9943 7202 158 1940 2488 8974 6386
5 861 6216
8917 3650 6707 4063 7260
13 1 10000
1544 274 5690 7777 2253 6766 8694 1649 9223 751 6915 9359 7863
2 5001 10000
2500 5000
