40
3 2 100
3 5 7
4 8 16
1 20 5 2
2 5001 10000
5000 2500
10 61 119
6 5040 1440 40 6480 4 60 7200 10 4320
10 61 119
30 4320 2 4680 15 5400 20 6 2520 7920
5 772 2426
2031 7708 5495 7315 7812
100 2 10000
1679 5475 2336 2482 5986 2044 3285 803 2701 6059 7227 1898 2628 5329 6570 3650 5402 146 3504 1752 2847 3066 1387 511 5694 6497 5548 4891 6278 1971 5256 2774 5767 1606 292 6205 438 4234 4161 4599 2555 1241 1095 5840 6424 4015 3577 730 876 219 1314 6789 6643 1460 2190 5913 5110 4526 3942 657 7154 4745 7300 1533 6716 5183 7373 3431 3723 3869 584 6862 5037 4307 949 4453 2409 1168 2263 3139 2993 2920 1022 4672 6351 7008 4818 6935 2117 4088 6132 3212 365 5621 1825 3796 3358 7081 4380 4964
5 7586 8540
3216 6078 8059 6555 9891
5 1927 9031
6963 4085 9854 6063 9771
5 9138 9404
6263 3579 2349 767 6745
10 2 10000
3 1 6 2 11 10 2310 5 15 7
51 810 1617
809 1618 809 1618 1618 1618 1618 809 809 809 809 809 809 809 809 1618 1618 1618 1618 809 1618 809 1618 809 1618 1618 1618 809 809 1618 1618 1618 809 809 809 1618 809 809 1618 1618 809 1618 1618 1618 809 809 1618 1618 809 809 1618
7 5 10000
9978 9762 9822 9726 9942 9678 9714
100 1 10000
4296 3712 9544 3696 4753 7786 1724 2107 2930 9306 7976 3582 8821 3536 6593 4644 2859 9620 1253 5245 4166 1603 4949 2588 7582 8168 6823 4488 243 281 3742 5283 3262 8082 7973 8507 314 8321 1997 4525 6490 5071 1731 1239 4274 62 1915 4994 9774 4257 8640 7117 8283 1693 1469 9850 1798 8723 240 6623 9981 7771 7536 3462 2165 6180 9565 1672 9421 8860 6151 2396 7018 2395 1789 4781 157 3420 7196 3532 6522 6562 3453 3508 3311 3863 1526 2270 886 7211 9948 3293 6067 4251 3999 3501 1995 3244 1752 6132
6 2 10000
9929 9949 9931 9973 9967 9941
5 6612 7559
4400 8928 7458 6332 9610
5 3791 7283
5428 5354 4998 7474 4902
3 2 50
3 5 75
5 3074 4428
2121 1409 7179 2734 5770
51 1281 2560
7680 7680 7680 256 256 256 7680 256 7680 7680 7680 256 7680 7680 7680 256 256 256 7680 7680 256 7680 256 7680 256 256 256 7680 256 7680 256 7680 7680 256 256 7680 256 7680 7680 256 7680 256 7680 256 7680 7680 256 7680 256 256 256
5 5073 7233
2822 8216 320 6833 5358
5 9677 9814
620 6517 3056 767 9264
10 8321 9985
832 52 32 16 208 64 26 128 104 416
5 3022 6976
6217 8812 442 117 1233
4 2 10000
49 17 4 3
50 2 10000
72 180 360 2520 720 42 70 90 5 21 12 4 112 1008 24 1260 144 30 6 2 18 210 16 105 7 252 168 840 1 140 14 20 84 630 336 3 10 5040 504 315 28 420 40 1680 9 36 126 56 560 240
5 4261 6047
7394 3596 725 7369 1304
5 590 7201
4507 5222 5991 2654 6008
5 7911 8977
4822 4654 2588 5602 533
5 9268 9429
5514 1719 5054 1704 5865
100 9 24
3648 936 3024 432 8328 1440 8112 4992 8376 4224 264 696 7224 7776 2376 504 9144 9168 4008 2208 7272 5448 5568 3576 6048 8784 1560 3312 2832 8928 8304 3768 5256 4584 9864 9192 9408 8040 4488 312 3288 2064 744 4152 5016 4392 6336 1176 8832 3816 7104 5760 408 4656 8808 3216 7056 2664 5928 9696 7800 2712 9936 5904 9216 7728 8712 1776 6432 360 9096 3720 4848 4416 9024 6456 4512 6768 5424 4728 1800 8544 2568 7200 3528 1248 3096 1128 768 2808 7248 960 8208 1224 7488 1296 8160 5184 2184 672
11 2 10000
1 1 1 1 1 1 8633 1 8633 1 1
5 2645 6571
3873 1634 418 1117 6860
5 538 5426
2237 4553 3237 7444 7307
5 2682 4196
8129 5823 4065 1700 7123
5 4961 8090
9179 6612 7212 9910 6199
5 6693 7759
110 1679 9041 7358 6344
10 2 10000
30 10 3 2 5 15 6 1 7 11
5 7946 8030
2114 9266 1643 2116 2376
13 1 10000
6229 7151 5126 8555 8662 4056 4899 6713 1112 2277 5660 7479 8850
