40
3 2 100
3 5 7
4 8 16
1 20 5 2
13 1 10000
6788 5423 7200 978 5411 5869 4313 5313 8730 9013 5418 6662 3200
5 6913 7824
4647 7205 905 9459 7115
100 1 10000
4047 523 6636 3570 725 1280 9890 6553 9658 1256 2692 704 4319 1061 904 2249 2634 2443 3716 1435 2790 3831 8429 6629 9037 3111 9199 2355 4851 7675 961 9079 3587 1188 2945 4031 3484 6361 923 979 8484 8815 8001 4944 6104 4660 5102 6307 1809 9416 8364 1862 1651 2885 8554 3825 1781 2266 1642 9505 5559 6610 6479 9322 2410 3625 229 5059 1240 9974 7252 121 2612 864 4669 9850 5913 852 6337 743 1673 416 6426 7263 1824 5988 8883 6176 8335 3691 3443 8096 3732 6475 1831 1766 92 2529 2948 5769
12 2 10000
8633 1 8633 1 1 1 1 1 1 8633 8633 1
5 4233 4456
996 5777 9621 6112 9249
5 4548 8704
5350 1464 1870 6369 9889
5 7343 7656
9164 1137 2518 8819 6237
5 4408 9868
848 5906 9326 3267 4036
5 7123 9397
8604 8604 8573 4193 5618
5 5511 6217
4615 7854 5457 9362 7453
5 8114 9110
9559 161 6945 8434 6350
5 3074 3944
6905 3687 6420 3877 5298
100 11 30
9810 2820 5550 6120 5610 7500 1050 1200 5700 9720 3690 4980 2700 4200 5100 7830 4230 9660 360 9780 9240 8940 4170 8190 9750 1680 6210 1410 3960 3990 4620 2400 4350 5010 9180 6000 9360 570 6300 3300 9630 5790 3180 7710 5160 6660 4650 6960 6720 8910 6240 6330 4950 300 4260 2280 1830 4710 3870 2520 5910 1080 5850 4800 4080 3390 2190 330 8100 1140 6750 7950 3750 3720 2970 6780 7530 2100 7110 450 2790 2940 630 2070 2250 8220 540 960 5670 3480 5070 2460 3600 6390 4440 1260 8550 6570 1920 4830
3 2 50
3 5 75
7 5 10000
9978 9726 9822 9678 9942 9714 9762
5 4900 8592
6378 3393 133 110 9367
4 2 10000
49 4 3 17
10 2 10000
6 10 2310 7 3 11 2 15 1 5
5 2708 7930
9019 520 6353 5209 5546
51 301 600
1800 60 60 60 60 60 60 1800 60 1800 1800 60 1800 60 60 1800 1800 1800 1800 1800 1800 1800 1800 1800 1800 60 60 1800 60 60 1800 60 60 60 60 1800 1800 60 60 60 1800 1800 60 1800 60 1800 1800 1800 1800 60 60
5 4896 6112
2622 3060 4817 3438 6487
2 5001 10000
5000 2500
10 8331 9997
7 119 238 49 14 34 833 98 17 2
5 5418 6488
2125 1543 3164 3976 3473
5 7236 8573
2509 1438 457 4158 2948
100 2 10000
595 153 1071 1564 1683 221 731 1241 1156 425 493 1615 935 255 1343 850 884 1326 1105 238 357 1003 918 1088 476 85 1428 714 765 833 1411 1547 697 323 1445 1581 1462 680 340 969 646 306 901 663 1122 510 1020 136 1224 1360 1649 289 816 204 68 1394 34 1292 1173 952 408 1054 561 187 1207 442 544 1258 1275 629 1309 867 1496 1632 986 1377 119 51 612 1037 782 391 1598 1513 272 1530 748 1479 102 1717 578 1700 170 1666 527 799 1190 374 1139 459
51 1574 3145
3146 3146 1573 1573 3146 3146 1573 3146 3146 3146 3146 1573 1573 3146 3146 3146 3146 3146 1573 1573 1573 3146 1573 1573 1573 1573 3146 1573 1573 1573 3146 1573 3146 3146 3146 1573 1573 3146 3146 1573 3146 3146 3146 3146 1573 3146 1573 1573 1573 1573 1573
10 61 119
6480 4 3 2520 12 1080 20 30 9720 4680
5 1842 6848
2241 3515 7709 9651 3357
5 5006 6221
6614 8493 9191 5581 7910
10 2 10000
3 30 11 10 5 1 7 6 15 2
5 2961 4227
1093 4501 9019 7355 7408
5 4258 9773
977 2017 9510 8005 1071
50 2 10000
80 840 35 56 42 21 1008 560 9 60 10 72 7 140 315 18 15 14 45 4 105 504 24 630 2520 420 70 5 180 360 90 252 720 210 16 12 30 1260 8 126 1680 5040 336 144 84 112 3 240 40 6
5 508 7880
7444 7538 5992 4278 1112
10 61 119
5040 15 40 8640 4 6480 4320 60 10 3600
6 2 10000
9929 9949 9931 9967 9973 9941
5 80 6909
2371 5268 7082 2946 2694
