40
3 2 100
3 5 7
4 8 16
1 20 5 2
51 100 197
99 99 99 99 99 99 198 198 99 99 198 99 198 198 99 198 99 198 198 198 198 99 99 99 99 99 99 198 99 99 198 198 198 198 198 99 198 198 198 198 99 99 198 198 198 198 198 99 99 198 99
5 6345 8852
7323 7003 7333 5378 5823
5 7184 9328
7799 5982 1316 2526 8078
5 896 912
8735 3226 3428 9212 5936
100 1 10000
1710 5285 2398 6688 3911 4068 6504 4568 6151 96 4647 6752 2704 4377 8315 6505 3639 577 3474 490 8214 7842 361 9979 9437 3003 7321 9888 2017 3832 4839 5521 8467 3627 9132 9548 9771 2818 6066 9153 2685 5683 5508 8054 2997 4240 9893 7479 688 1192 9945 7351 1145 6424 2434 3529 6101 2774 3212 297 5599 985 3426 9307 4798 1254 6589 3165 7011 8515 1279 8205 5639 7584 4788 9357 7608 8139 3215 5436 3811 3680 2521 1614 4750 428 8769 90 3964 4997 5923 4556 7890 2062 7369 356 5941 9983 219 2588
10 8261 9913
826 4 2 7 236 413 14 118 28 59
19 2 10000
8633 8633 1 8633 1 8633 8633 1 1 8633 1 1 8633 8633 8633 1 1 8633 1
5 64 7689
9668 5481 8938 2997 1169
5 7102 7489
6260 612 9684 1922 4165
5 661 8964
9681 3712 292 3240 5474
7 5 10000
9822 9714 9726 9978 9762 9678 9942
5 4981 5889
8638 4905 4786 2855 6596
5 4149 7532
3523 2035 9490 1791 9293
5 4027 5785
2345 8335 4250 3948 5683
5 6496 6660
6171 323 8065 1109 4910
5 9611 9789
2357 439 7007 4693 3223
10 61 119
20 3600 1080 3 2520 12 30 6 4680 5400
2 5001 10000
2500 5000
100 17 48
3504 4656 4800 1872 3312 2160 2784 9744 7872 6096 9504 7008 6432 9456 9840 9120 6336 8736 5040 4848 1632 2976 2496 4464 6288 5904 8544 4176 4080 8592 7392 1728 6864 5856 5136 9888 816 4752 8208 720 2256 9072 4512 3168 4704 7488 7968 960 1776 5184 3984 4992 4560 5280 5328 3552 576 1056 5088 9696 864 4224 528 5424 8112 3936 5808 6384 2736 8304 912 9168 9792 6576 1248 9936 2448 3840 7680 480 7776 2304 4896 6912 1008 7248 3024 1200 1680 3216 9312 1104 6048 2688 5232 7200 8160 1824 3408 2400
10 2 10000
30 6 7 15 3 5 1 10 2 11
5 7734 9988
2107 9357 1478 8181 1901
5 8350 8411
1462 1632 3408 5344 5434
3 2 50
3 5 75
5 7668 9848
9027 5545 5776 1979 7453
4 2 10000
3 17 49 4
100 2 10000
6083 2923 4187 7031 5688 3160 6241 7979 2528 2054 2370 4977 2765 2844 5056 5767 4582 6478 5609 3318 7663 6794 1659 4424 1422 3081 237 7742 5846 2449 2133 7426 1580 4661 6320 1896 790 4898 3555 6557 4029 5214 6952 474 1106 2212 7110 5530 2291 7505 1501 6873 3792 1817 7584 6004 1738 632 395 5451 316 3476 5293 553 1185 948 1343 2607 158 4345 6399 3950 7268 7821 6715 711 3634 1264 3871 7189 1975 5372 2686 1027 5135 3397 7900 4740 6636 3239 7347 4819 4266 3713 5925 3002 4503 4108 869 6162
5 7336 9266
7494 662 5640 5741 9821
5 9140 9172
9239 9425 7058 2895 2485
5 8007 9640
6585 7453 5974 6019 6375
6 2 10000
9949 9929 9931 9967 9941 9973
5 4226 7199
2445 4676 7866 2794 2263
13 1 10000
8707 3985 2359 6377 7161 8109 9394 9842 7054 6206 5190 517 9386
5 7958 9823
3488 8974 1214 781 9668
50 2 10000
70 4 56 80 140 252 315 504 36 14 168 240 1260 336 8 16 560 35 1 5040 840 720 5 360 2520 45 280 120 63 40 420 126 60 30 84 28 1680 90 20 144 1008 6 9 630 10 7 21 42 105 24
10 2 10000
15 6 10 7 2310 5 1 11 2 3
5 1750 7657
2432 3875 5191 4987 122
51 1531 3060
9180 306 306 306 9180 9180 9180 9180 306 9180 9180 306 306 306 9180 9180 9180 306 306 306 9180 306 9180 9180 306 306 306 9180 9180 9180 9180 9180 9180 306 306 9180 306 306 306 9180 9180 9180 306 306 9180 306 9180 306 306 9180 306
10 61 119
60 30 24 4320 7200 10 3600 5040 40 2160
