40
3 2 100
3 5 7
4 8 16
1 20 5 2
10 2 10000
6 5 7 2310 15 3 1 10 11 2
10 2 10000
5 3 1 30 7 6 10 11 15 2
5 2215 9532
8171 7258 5585 3155 3932
5 3006 4192
8290 9147 5738 4261 9045
5 2929 6904
8382 3196 295 5303 3674
51 1653 3303
3304 1652 3304 1652 3304 3304 3304 1652 3304 3304 3304 3304 3304 3304 1652 3304 3304 3304 1652 3304 3304 3304 3304 1652 1652 3304 3304 1652 1652 1652 1652 1652 1652 3304 1652 1652 3304 3304 3304 1652 1652 3304 1652 1652 1652 1652 1652 1652 3304 1652 1652
5 8659 9537
7436 5370 9227 4649 6059
7 5 10000
9942 9822 9726 9762 9714 9678 9978
10 61 119
60 4320 8 3 4 2160 40 5040 9360 8640
100 2 10000
6790 6305 2425 5529 7178 8051 2619 6402 1746 4462 1358 1067 388 7760 4753 7275 8827 970 9215 2134 3589 4074 4850 7857 485 5238 5335 2328 582 7566 8924 3977 9603 4947 3395 9700 3298 8730 8439 291 9409 7469 8342 8245 7954 2522 8633 2037 4559 5917 3880 5626 4656 2813 5820 7372 3104 1261 9797 6208 9118 7663 6111 8536 3783 1940 6693 6014 1164 5044 873 4171 1843 6984 2716 2910 6499 9506 5723 194 1552 3201 9021 9312 2231 5432 3492 679 3007 5141 1649 7081 6596 8148 3686 776 4365 6887 1455 4268
5 5153 9246
7060 1070 5806 146 3853
2 5001 10000
2500 5000
5 6230 7407
8684 4301 4130 9110 4475
5 1104 7996
2248 2825 4816 3284 3169
5 9922 9994
5055 4801 943 1937 1232
5 6522 8105
8168 5659 4786 142 8178
4 2 10000
4 3 49 17
5 2710 3703
817 1781 5560 440 5269
5 7029 7550
9340 234 8969 6223 1659
5 9021 9466
5116 13 4725 7360 4943
6 2 10000
9967 9931 9929 9941 9949 9973
5 247 3775
5816 9735 1116 6017 4840
3 2 50
3 5 75
100 1 10000
224 1233 3995 582 800 5638 6908 6800 909 3252 5423 8330 6980 9867 6480 2602 3617 7464 2104 3454 3641 9165 4279 6711 6576 3198 5776 8415 8029 4547 8288 7958 4759 8834 8445 7353 9195 1832 1574 8890 7679 209 9029 8606 1029 4614 6766 6223 2179 9009 9139 1128 973 8762 8435 9403 9276 6698 6111 6740 5648 3464 6654 1638 5382 1194 4306 1201 1973 1937 9124 4578 3712 4778 4216 4180 3811 7879 1011 645 4576 342 5387 9766 8515 9599 1917 4506 402 6827 158 3392 8930 4218 2689 2138 7059 4863 555 8520
10 8251 9901
550 75 150 825 66 330 275 110 165 55
5 7314 8310
437 9982 3738 5799 2394
11 2 10000
1 1 1 8633 8633 8633 8633 8633 8633 8633 8633
5 4336 6664
7545 6810 3205 9280 3812
5 1656 5560
9124 5620 3220 4402 2422
5 7328 9159
2315 4115 2767 7526 5412
10 61 119
3 30 4320 3240 10 4 8640 2520 20 4680
5 6758 8416
309 743 2956 5863 1059
51 1361 2720
272 272 8160 8160 272 8160 8160 8160 272 272 272 8160 272 8160 8160 8160 272 8160 272 272 272 8160 8160 8160 272 8160 8160 8160 272 8160 8160 8160 8160 272 272 8160 8160 8160 272 272 8160 272 8160 272 272 8160 272 272 272 272 272
5 7685 8634
3051 2283 4475 3211 1641
100 19 54
8424 4428 1944 702 5724 7182 2754 9612 2430 8802 5130 810 7884 6642 7074 7290 3672 8586 9666 7236 5292 4482 756 1998 9396 1674 2970 9126 6372 9504 2646 4860 6480 6048 7020 7560 5670 9018 1188 8370 3456 2916 9342 648 1836 3834 3024 4752 1080 6750 5400 1728 5778 9450 4590 1134 4968 4266 5454 9558 7776 6156 4158 6210 2484 8208 7506 1890 5184 8154 9180 3402 864 5022 3348 7452 1782 3996 4212 9774 3618 1242 5886 7344 6588 7722 6318 2106 594 3564 8910 918 4698 2052 8964 2214 9882 8100 9234 5562
50 2 10000
45 252 10 72 180 4 70 360 420 5040 504 315 15 63 120 21 40 9 144 7 30 84 60 2520 28 20 35 3 105 630 126 168 1260 8 140 560 18 80 16 112 280 1008 336 5 24 720 1680 90 840 48
5 8510 9133
9367 5091 6779 4530 9973
13 1 10000
6977 5583 4263 7013 3419 5783 1033 2622 2121 706 9517 342 9446
