40
3 2 100
3 5 7
4 8 16
1 20 5 2
10 61 119
8640 30 1440 3 2520 6 20 4680 5 2880
5 218 3273
9377 1636 8460 1837 3755
10 2 10000
5 1 2 2310 7 10 3 15 11 6
5 1800 8120
3492 1583 6331 7087 2735
5 7938 8580
6113 7467 3697 4742 7874
10 61 119
60 4320 7920 9360 3 2880 40 20 5040 4
5 1186 7611
4100 6924 7786 8206 1243
50 2 10000
15 60 180 336 48 1680 7 24 2 2520 210 420 720 360 105 56 36 168 6 30 63 28 560 240 280 72 1260 9 126 20 315 5 504 12 144 16 1008 120 5040 4 90 84 1 35 840 630 10 140 8 252
5 6325 8121
8631 7344 4236 1777 2221
13 1 10000
6756 6656 9779 6104 8370 2500 6026 5594 6419 7510 661 150 1632
5 7397 9526
8131 65 8003 7041 7274
4 2 10000
4 3 17 49
3 2 50
3 5 75
5 8902 9918
3245 8932 2037 19 6265
51 3964 7925
3963 3963 7926 7926 3963 3963 7926 7926 7926 7926 3963 7926 3963 3963 7926 3963 7926 3963 3963 7926 3963 3963 7926 3963 7926 3963 7926 7926 7926 7926 7926 3963 3963 3963 3963 3963 7926 7926 7926 3963 7926 3963 3963 3963 7926 7926 3963 7926 3963 7926 7926
5 4832 6781
683 8657 1766 9923 2021
5 6821 8659
4725 257 595 1748 1751
5 3407 6457
1027 2534 4515 2696 4210
5 2592 8187
2394 9312 2693 3506 2096
5 5349 7888
2094 6991 3164 614 8342
7 5 10000
9678 9822 9762 9726 9978 9714 9942
5 8519 8642
281 7338 3579 4297 7839
5 8392 8693
4142 1062 7444 5645 1235
5 6781 9066
4476 1475 5990 8879 5474
100 1 10000
3974 9493 2474 8662 4361 8244 7976 6169 6913 3535 6875 4720 3210 1559 7621 9141 5220 5822 6813 8969 1387 3384 3562 9293 6132 7135 4974 4681 939 230 4041 3492 9319 3052 6778 8154 7618 4635 8794 6846 7765 7521 8817 6073 9233 2370 301 7037 1766 4877 8088 9555 2170 3538 1661 8573 1438 9939 8161 6669 6141 6029 3724 1421 9433 9611 9912 2752 8697 1028 9713 2319 9543 4757 3423 773 707 9590 2466 7172 1757 7646 30 7625 597 6812 8140 5657 2517 3937 7923 4991 9914 5599 8587 1154 9457 8716 6486 5544
10 2 10000
15 5 30 2 1 10 11 6 3 7
5 5749 8528
2009 5193 3475 7116 3388
5 5607 8376
5690 3308 861 2361 2053
10 8331 9997
34 238 7 49 833 17 14 98 2 119
51 1326 2650
265 265 7950 7950 265 265 7950 265 265 7950 7950 265 7950 265 265 7950 265 7950 265 265 7950 265 265 7950 7950 265 265 7950 265 7950 7950 7950 7950 7950 265 7950 7950 7950 7950 7950 265 265 265 265 265 265 7950 7950 7950 265 7950
6 2 10000
9931 9941 9973 9929 9967 9949
5 2731 7714
4346 9673 1342 4944 1654
100 17 48
1824 3504 2688 5856 8880 7296 7488 9168 5328 6288 9216 2064 4512 7200 768 5952 3888 5136 672 3696 6192 8256 4656 9456 7152 3360 5424 1920 5520 576 2208 1200 1248 8736 5088 3072 1680 8016 2880 9648 7584 9264 7008 2352 3936 3264 2832 4416 4944 528 3984 1584 1344 3456 2112 8112 7920 7776 4176 8832 4800 6624 1632 6144 8304 6000 9696 2544 7824 1008 624 1152 2496 4224 7392 5616 6816 9408 2400 5760 3216 7104 8448 2256 8208 3840 5232 1392 6528 6720 9744 2928 4032 8544 9312 2304 2448 9360 2160 912
13 2 10000
1 8633 8633 8633 8633 8633 8633 1 8633 8633 8633 8633 8633
5 3314 8413
9742 4487 4203 2284 3585
100 2 10000
3552 3589 3626 629 2035 2479 185 2331 407 1332 3478 2923 1628 1110 2257 1554 3515 3663 1702 1517 1147 444 222 3737 3219 851 2812 1480 3108 1369 2072 1739 2849 148 1813 2553 1776 2738 518 814 1961 3182 2109 1665 3071 3034 740 3293 1591 111 666 2368 481 3145 2664 703 3700 2627 1924 1850 2294 1406 2590 74 1184 999 2183 555 2405 777 1443 1073 1998 2701 1036 2886 2146 3256 370 259 1258 2220 1221 296 2960 1295 2442 2997 3441 2775 888 592 3367 962 3330 333 2516 925 3404 1887
2 5001 10000
5000 2500
5 5067 5677
1937 1152 1614 8298 7931
